0	24095
0.100033344448149	23248
0.200066688896299	22556
0.300100033344448	22271
0.400133377792598	21445
0.500166722240747	20663
0.600200066688896	20190
0.700233411137046	19602
0.800266755585195	19035
0.900300100033344	18708
1.00033344448149	18295
1.10036678892964	17680
1.20040013337779	17560
1.30043347782594	17175
1.40046682227409	16653
1.50050016672224	16205
1.60053351117039	15861
1.70056685561854	15627
1.80060020006669	15155
1.90063354451484	14853
2.00066688896299	14728
2.10070023341114	14541
2.20073357785929	14267
2.30076692230744	13862
2.40080026675559	13591
2.50083361120373	13407
2.60086695565188	13163
2.70090030010003	12902
2.80093364454818	12532
2.90096698899633	12600
3.00100033344448	12224
3.10103367789263	12012
3.20106702234078	11913
3.30110036678893	11698
3.40113371123708	11565
3.50116705568523	11175
3.60120040013338	11258
3.70123374458153	10974
3.80126708902968	10725
3.90130043347783	10399
4.00133377792598	10303
4.10136712237413	10412
4.20140046682228	10055
4.30143381127043	10026
4.40146715571858	9718
4.50150050016672	9669
4.60153384461487	9429
4.70156718906302	9340
4.80160053351117	9151
4.90163387795932	9006
5.00166722240747	8966
5.10170056685562	8863
5.20173391130377	8663
5.30176725575192	8614
5.40180060020007	8523
5.50183394464822	8277
5.60186728909637	8287
5.70190063354452	8145
5.80193397799267	8140
5.90196732244082	7966
6.00200066688897	7746
6.10203401133712	7540
6.20206735578527	7568
6.30210070023342	7584
6.40213404468157	7537
6.50216738912972	7430
6.60220073357787	7379
6.70223407802602	7167
6.80226742247417	7070
6.90230076692232	7031
7.00233411137047	7019
7.10236745581862	6803
7.20240080026677	6851
7.30243414471492	6845
7.40246748916307	6712
7.50250083361122	6774
7.60253417805937	6673
7.70256752250752	6681
7.80260086695567	6278
7.90263421140382	6273
8.00266755585197	6478
8.10270090030012	6211
8.20273424474827	6166
8.30276758919642	5780
8.40280093364457	6006
8.50283427809272	5929
8.60286762254087	5771
8.70290096698902	5766
8.80293431143717	5741
8.90296765588532	5706
9.00300100033347	5661
9.10303434478162	5500
9.20306768922977	5295
9.30310103367792	5373
9.40313437812607	5318
9.50316772257422	5337
9.60320106702236	5388
9.70323441147051	5168
9.80326775591866	5116
9.90330110036681	5139
10.003334444815	5112
10.1033677892631	5027
10.2034011337113	4978
10.3034344781594	4945
10.4034678226076	4886
10.5035011670557	4837
10.6035345115039	4820
10.703567855952	4611
10.8036012004002	4852
10.9036345448483	4685
11.0036678892965	4706
11.1037012337446	4710
11.2037345781928	4559
11.3037679226409	4465
11.4038012670891	4450
11.5038346115372	4451
11.6038679559854	4382
11.7039013004335	4266
11.8039346448817	4353
11.9039679893298	4198
12.004001333778	4268
12.1040346782261	4160
12.2040680226743	4135
12.3041013671224	4075
12.4041347115706	4085
12.5041680560187	4125
12.6042014004669	4034
12.704234744915	4007
12.8042680893632	4085
12.9043014338113	4037
13.0043347782595	3991
13.1043681227076	4044
13.2044014671558	3865
13.3044348116039	3795
13.4044681560521	3669
13.5045015005002	3713
13.6045348449484	3739
13.7045681893965	3656
13.8046015338447	3578
13.9046348782928	3554
14.004668222741	3661
14.1047015671891	3620
14.2047349116373	3488
14.3047682560854	3576
14.4048016005336	3565
14.5048349449817	3470
14.6048682894299	3417
14.704901633878	3425
14.8049349783262	3416
14.9049683227743	3459
15.0050016672225	3451
15.1050350116706	3317
15.2050683561188	3343
15.3051017005669	3287
15.4051350450151	3283
15.5051683894632	3326
15.6052017339114	3177
15.7052350783595	3184
15.8052684228077	3209
15.9053017672558	3168
16.005335111704	2991
16.1053684561521	3059
16.2054018006003	3179
16.3054351450484	3047
16.4054684894966	3041
16.5055018339447	3041
16.6055351783929	2910
16.705568522841	3022
16.8056018672892	2926
16.9056352117373	2879
17.0056685561855	2870
17.1057019006336	2893
17.2057352450818	2891
17.3057685895299	2938
17.4058019339781	2888
17.5058352784262	2846
17.6058686228744	2760
17.7059019673225	2822
17.8059353117707	2807
17.9059686562188	2784
18.0060020006669	2881
18.1060353451151	2771
18.2060686895632	2618
18.3061020340114	2725
18.4061353784595	2735
18.5061687229077	2659
18.6062020673558	2661
18.706235411804	2623
18.8062687562521	2702
18.9063021007003	2587
19.0063354451484	2651
19.1063687895966	2555
19.2064021340447	2595
19.3064354784929	2498
19.406468822941	2516
19.5065021673892	2526
19.6065355118373	2515
19.7065688562855	2508
19.8066022007336	2480
19.9066355451818	2453
20.0066688896299	2364
20.1067022340781	2431
20.2067355785262	2480
20.3067689229744	2476
20.4068022674225	2409
20.5068356118707	2304
20.6068689563188	2405
20.706902300767	2381
20.8069356452151	2341
20.9069689896633	2371
21.0070023341114	2339
21.1070356785596	2381
21.2070690230077	2313
21.3071023674559	2242
21.407135711904	2358
21.5071690563522	2252
21.6072024008003	2196
21.7072357452485	2218
21.8072690896966	2205
21.9073024341448	2227
22.0073357785929	2209
22.1073691230411	2194
22.2074024674892	2269
22.3074358119374	2142
22.4074691563855	2143
22.5075025008337	2177
22.6075358452818	2136
22.70756918973	2141
22.8076025341781	2075
22.9076358786263	2048
23.0076692230744	2113
23.1077025675226	2026
23.2077359119707	2083
23.3077692564189	2005
23.407802600867	2054
23.5078359453152	1980
23.6078692897633	2083
23.7079026342115	2020
23.8079359786596	2038
23.9079693231078	2006
24.0080026675559	1974
24.1080360120041	1917
24.2080693564522	1972
24.3081027009004	1933
24.4081360453485	1956
24.5081693897967	1971
24.6082027342448	1911
24.708236078693	1871
24.8082694231411	1923
24.9083027675893	1848
25.0083361120374	1893
25.1083694564856	1847
25.2084028009337	1905
25.3084361453819	1875
25.40846948983	1875
25.5085028342782	1815
25.6085361787263	1728
25.7085695231745	1840
25.8086028676226	1761
25.9086362120708	1882
26.0086695565189	1855
26.1087029009671	1718
26.2087362454152	1718
26.3087695898634	1771
26.4088029343115	1795
26.5088362787597	1764
26.6088696232078	1757
26.708902967656	1805
26.8089363121041	1721
26.9089696565523	1733
27.0090030010004	1686
27.1090363454486	1738
27.2090696898967	1769
27.3091030343449	1772
27.409136378793	1727
27.5091697232412	1768
27.6092030676893	1659
27.7092364121375	1697
27.8092697565856	1645
27.9093031010338	1639
28.0093364454819	1678
28.1093697899301	1643
28.2094031343782	1615
28.3094364788264	1570
28.4094698232745	1589
28.5095031677227	1532
28.6095365121708	1639
28.709569856619	1599
28.8096032010671	1638
28.9096365455153	1625
29.0096698899634	1551
29.1097032344116	1599
29.2097365788597	1550
29.3097699233079	1617
29.409803267756	1594
29.5098366122042	1524
29.6098699566523	1471
29.7099033011005	1481
29.8099366455486	1603
29.9099699899968	1490
30.0100033344449	1493
30.1100366788931	1536
30.2100700233412	1450
30.3101033677894	1486
30.4101367122375	1556
30.5101700566857	1398
30.6102034011338	1507
30.710236745582	1438
30.8102700900301	1359
30.9103034344783	1465
31.0103367789264	1411
31.1103701233746	1504
31.2104034678227	1492
31.3104368122709	1510
31.410470156719	1433
31.5105035011672	1349
31.6105368456153	1449
31.7105701900635	1459
31.8106035345116	1358
31.9106368789598	1339
32.0106702234079	1426
32.1107035678561	1383
32.2107369123042	1439
32.3107702567524	1409
32.4108036012005	1325
32.5108369456487	1348
32.6108702900968	1385
32.710903634545	1393
32.8109369789931	1376
32.9109703234413	1416
33.0110036678894	1387
33.1110370123376	1305
33.2110703567857	1329
33.3111037012339	1273
33.411137045682	1220
33.5111703901302	1343
33.6112037345783	1328
33.7112370790265	1282
33.8112704234746	1340
33.9113037679228	1335
34.0113371123709	1294
34.1113704568191	1284
34.2114038012672	1316
34.3114371457154	1168
34.4114704901635	1205
34.5115038346117	1239
34.6115371790598	1284
34.711570523508	1242
34.8116038679561	1255
34.9116372124043	1329
35.0116705568524	1298
35.1117039013006	1191
35.2117372457487	1301
35.3117705901969	1226
35.411803934645	1262
35.5118372790932	1235
35.6118706235413	1207
35.7119039679895	1308
35.8119373124376	1199
35.9119706568858	1205
36.0120040013339	1177
36.1120373457821	1215
36.2120706902302	1190
36.3121040346784	1171
36.4121373791265	1149
36.5121707235747	1239
36.6122040680228	1198
36.712237412471	1235
36.8122707569191	1147
36.9123041013673	1195
37.0123374458154	1164
37.1123707902636	1175
37.2124041347117	1193
37.3124374791599	1159
37.412470823608	1100
37.5125041680562	1165
37.6125375125043	1109
37.7125708569525	1174
37.8126042014006	1129
37.9126375458488	1155
38.0126708902969	1087
38.1127042347451	1093
38.2127375791932	1198
38.3127709236414	1075
38.4128042680895	1061
38.5128376125377	1116
38.6128709569858	1098
38.712904301434	1094
38.8129376458821	1059
38.9129709903303	1064
39.0130043347784	1125
39.1130376792266	1056
39.2130710236747	971
39.3131043681229	1163
39.413137712571	1043
39.5131710570192	1101
39.6132044014673	1078
39.7132377459155	1006
39.8132710903636	1061
39.9133044348118	1106
40.0133377792599	1085
40.1133711237081	1051
40.2134044681562	1041
40.3134378126044	1019
40.4134711570525	1021
40.5135045015007	1052
40.6135378459488	1001
40.713571190397	1026
40.8136045348451	978
40.9136378792933	961
41.0136712237414	1052
41.1137045681896	1014
41.2137379126377	1028
41.3137712570859	1026
41.413804601534	1024
41.5138379459822	1023
41.6138712904303	1039
41.7139046348785	947
41.8139379793266	997
41.9139713237748	981
42.0140046682229	1022
42.1140380126711	1022
42.2140713571192	1002
42.3141047015674	972
42.4141380460155	1014
42.5141713904637	978
42.6142047349118	982
42.71423807936	1006
42.8142714238081	954
42.9143047682563	939
43.0143381127044	918
43.1143714571526	924
43.2144048016007	984
43.3144381460489	966
43.414471490497	945
43.5145048349451	915
43.6145381793933	935
43.7145715238414	941
43.8146048682896	945
43.9146382127377	875
44.0146715571859	866
44.114704901634	908
44.2147382460822	978
44.3147715905303	852
44.4148049349785	944
44.5148382794266	928
44.6148716238748	956
44.7149049683229	909
44.8149383127711	936
44.9149716572192	921
45.0150050016674	910
45.1150383461155	953
45.2150716905637	854
45.3151050350118	933
45.41513837946	932
45.5151717239081	882
45.6152050683563	926
45.7152384128044	894
45.8152717572526	909
45.9153051017007	919
46.0153384461489	856
46.115371790597	876
46.2154051350452	866
46.3154384794933	893
46.4154718239415	893
46.5155051683896	886
46.6155385128378	880
46.7155718572859	841
46.8156052017341	863
46.9156385461822	873
47.0156718906304	821
47.1157052350785	830
47.2157385795267	870
47.3157719239748	832
47.415805268423	809
47.5158386128711	870
47.6158719573193	842
47.7159053017674	844
47.8159386462156	855
47.9159719906637	864
48.0160053351119	836
48.11603867956	864
48.2160720240082	862
48.3161053684563	821
48.4161387129045	798
48.5161720573526	838
48.6162054018008	850
48.7162387462489	861
48.8162720906971	807
48.9163054351452	872
49.0163387795934	859
49.1163721240415	809
49.2164054684897	814
49.3164388129378	841
49.416472157386	827
49.5165055018341	801
49.6165388462823	813
49.7165721907304	806
49.8166055351786	836
49.9166388796267	816
50.0166722240749	783
50.116705568523	795
50.2167389129712	818
50.3167722574193	790
50.4168056018675	788
50.5168389463156	798
50.6168722907638	769
50.7169056352119	804
50.8169389796601	798
50.9169723241082	763
51.0170056685564	778
51.1170390130045	760
51.2170723574527	766
51.3171057019008	787
51.417139046349	730
51.5171723907971	780
51.6172057352453	796
51.7172390796934	714
51.8172724241416	759
51.9173057685897	769
52.0173391130379	780
52.117372457486	695
52.2174058019342	742
52.3174391463823	700
52.4174724908305	731
52.5175058352786	739
52.6175391797268	742
52.7175725241749	762
52.8176058686231	739
52.9176392130712	742
53.0176725575194	749
53.1177059019675	726
53.2177392464157	764
53.3177725908638	744
53.417805935312	757
53.5178392797601	702
53.6178726242083	695
53.7179059686564	761
53.8179393131046	719
53.9179726575527	748
54.0180060020009	662
54.118039346449	762
54.2180726908972	737
54.3181060353453	707
54.4181393797935	691
54.5181727242416	712
54.6182060686898	775
54.7182394131379	653
54.8182727575861	678
54.9183061020342	722
55.0183394464824	745
55.1183727909305	686
55.2184061353787	739
55.3184394798268	638
55.418472824275	713
55.5185061687231	696
55.6185395131713	692
55.7185728576194	717
55.8186062020676	687
55.9186395465157	712
56.0186728909639	747
56.118706235412	753
56.2187395798602	656
56.3187729243083	713
56.4188062687565	679
56.5188396132046	663
56.6188729576528	703
56.7189063021009	672
56.8189396465491	672
56.9189729909972	755
57.0190063354454	658
57.1190396798935	645
57.2190730243417	658
57.3191063687898	639
57.419139713238	669
57.5191730576861	599
57.6192064021343	644
57.7192397465824	682
57.8192730910306	691
57.9193064354787	672
58.0193397799269	642
58.119373124375	635
58.2194064688232	663
58.3194398132713	666
58.4194731577195	655
58.5195065021676	656
58.6195398466158	628
58.7195731910639	676
58.8196065355121	628
58.9196398799602	699
59.0196732244084	712
59.1197065688565	659
59.2197399133047	647
59.3197732577528	646
59.419806602201	667
59.5198399466491	622
59.6198732910973	637
59.7199066355454	612
59.8199399799936	626
59.9199733244417	647
60.0200066688899	614
60.120040013338	636
60.2200733577862	587
60.3201067022343	611
60.4201400466825	561
60.5201733911306	634
60.6202067355788	605
60.7202400800269	605
60.8202734244751	579
60.9203067689232	630
61.0203401133714	583
61.1203734578195	624
61.2204068022677	648
61.3204401467158	599
61.420473491164	567
61.5205068356121	640
61.6205401800603	613
61.7205735245084	608
61.8206068689566	568
61.9206402134047	596
62.0206735578529	608
62.120706902301	577
62.2207402467492	649
62.3207735911973	579
62.4208069356455	612
62.5208402800936	602
62.6208736245418	579
62.7209069689899	593
62.8209403134381	576
62.9209736578862	609
63.0210070023344	582
63.1210403467825	596
63.2210736912307	532
63.3211070356788	565
63.421140380127	566
63.5211737245751	587
63.6212070690233	545
63.7212404134714	637
63.8212737579196	598
63.9213071023677	574
64.0213404468159	590
64.121373791264	577
64.2214071357122	594
64.3214404801603	558
64.4214738246085	550
64.5215071690566	565
64.6215405135048	590
64.7215738579529	540
64.8216072024011	561
64.9216405468492	605
65.0216738912974	579
65.1217072357455	600
65.2217405801937	546
65.3217739246418	538
65.42180726909	551
65.5218406135381	621
65.6218739579863	560
65.7219073024344	593
65.8219406468826	570
65.9219739913307	584
66.0220073357789	547
66.122040680227	517
66.2220740246752	556
66.3221073691233	543
66.4221407135715	582
66.5221740580196	529
66.6222074024678	557
66.7222407469159	558
66.8222740913641	548
66.9223074358122	533
67.0223407802604	503
67.1223741247085	533
67.2224074691566	553
67.3224408136048	506
67.4224741580529	518
67.5225075025011	614
67.6225408469492	506
67.7225741913974	562
67.8226075358455	493
67.9226408802937	537
68.0226742247418	574
68.12270756919	532
68.2227409136381	529
68.3227742580863	520
68.4228076025344	546
68.5228409469826	549
68.6228742914307	565
68.7229076358789	554
68.822940980327	534
68.9229743247752	565
69.0230076692233	518
69.1230410136715	560
69.2230743581196	483
69.3231077025678	556
69.4231410470159	495
69.5231743914641	477
69.6232077359122	538
69.7232410803604	501
69.8232744248085	476
69.9233077692567	499
70.0233411137048	490
70.123374458153	489
70.2234078026011	464
70.3234411470493	524
70.4234744914974	511
70.5235078359456	499
70.6235411803937	537
70.7235745248419	515
70.82360786929	524
70.9236412137382	509
71.0236745581863	475
71.1237079026345	476
71.2237412470826	532
71.3237745915308	531
71.4238079359789	486
71.5238412804271	535
71.6238746248752	453
71.7239079693234	492
71.8239413137715	483
71.9239746582197	484
72.0240080026678	522
72.124041347116	510
72.2240746915641	472
72.3241080360123	523
72.4241413804604	470
72.5241747249086	516
72.6242080693567	464
72.7242414138049	492
72.824274758253	451
72.9243081027012	456
73.0243414471493	466
73.1243747915975	450
73.2244081360456	507
73.3244414804938	512
73.4244748249419	466
73.5245081693901	480
73.6245415138382	512
73.7245748582864	495
73.8246082027345	504
73.9246415471827	456
74.0246748916308	504
74.124708236079	478
74.2247415805271	466
74.3247749249753	519
74.4248082694234	476
74.5248416138716	456
74.6248749583197	482
74.7249083027679	501
74.824941647216	465
74.9249749916642	480
75.0250083361123	508
75.1250416805605	449
75.2250750250086	498
75.3251083694568	458
75.4251417139049	474
75.5251750583531	429
75.6252084028012	441
75.7252417472494	466
75.8252750916975	468
75.9253084361457	431
76.0253417805938	461
76.125375125042	475
76.2254084694901	486
76.3254418139383	450
76.4254751583864	467
76.5255085028346	485
76.6255418472827	461
76.7255751917309	450
76.825608536179	450
76.9256418806272	481
77.0256752250753	452
77.1257085695235	446
77.2257419139716	461
77.3257752584198	428
77.4258086028679	447
77.5258419473161	482
77.6258752917642	418
77.7259086362124	468
77.8259419806605	449
77.9259753251087	434
78.0260086695568	427
78.126042014005	402
78.2260753584531	416
78.3261087029013	464
78.4261420473494	446
78.5261753917976	433
78.6262087362457	444
78.7262420806939	450
78.826275425142	439
78.9263087695902	478
79.0263421140383	452
79.1263754584865	429
79.2264088029346	400
79.3264421473828	499
79.4264754918309	431
79.5265088362791	418
79.6265421807272	422
79.7265755251754	444
79.8266088696235	428
79.9266422140717	414
80.0266755585198	438
80.126708902968	438
80.2267422474161	439
80.3267755918643	428
80.4268089363124	484
80.5268422807606	414
80.6268756252087	437
80.7269089696569	425
80.826942314105	420
80.9269756585532	455
81.0270090030013	413
81.1270423474495	406
81.2270756918976	421
81.3271090363458	463
81.4271423807939	414
81.5271757252421	431
81.6272090696902	431
81.7272424141384	442
81.8272757585865	416
81.9273091030347	412
82.0273424474828	406
82.127375791931	423
82.2274091363791	415
82.3274424808273	418
82.4274758252754	382
82.5275091697236	416
82.6275425141717	415
82.7275758586199	404
82.827609203068	397
82.9276425475162	410
83.0276758919643	429
83.1277092364125	382
83.2277425808606	397
83.3277759253088	402
83.4278092697569	422
83.5278426142051	449
83.6278759586532	433
83.7279093031014	385
83.8279426475495	409
83.9279759919977	416
84.0280093364458	419
84.128042680894	438
84.2280760253421	395
84.3281093697903	378
84.4281427142384	436
84.5281760586866	402
84.6282094031347	445
84.7282427475829	385
84.828276092031	394
84.9283094364792	380
85.0283427809273	408
85.1283761253755	438
85.2284094698236	403
85.3284428142718	369
85.4284761587199	403
85.5285095031681	373
85.6285428476162	412
85.7285761920644	323
85.8286095365125	431
85.9286428809607	381
86.0286762254088	432
86.128709569857	420
86.2287429143051	368
86.3287762587533	397
86.4288096032014	397
86.5288429476496	369
86.6288762920977	404
86.7289096365459	409
86.828942980994	375
86.9289763254422	367
87.0290096698903	357
87.1290430143385	383
87.2290763587866	403
87.3291097032348	409
87.4291430476829	367
87.5291763921311	398
87.6292097365792	359
87.7292430810274	388
87.8292764254755	402
87.9293097699237	370
88.0293431143718	396
88.12937645882	383
88.2294098032681	353
88.3294431477163	388
88.4294764921644	365
88.5295098366126	370
88.6295431810607	412
88.7295765255089	383
88.829609869957	360
88.9296432144052	414
89.0296765588533	348
89.1297099033015	419
89.2297432477496	415
89.3297765921978	372
89.4298099366459	375
89.5298432810941	379
89.6298766255422	383
89.7299099699904	390
89.8299433144385	394
89.9299766588867	383
90.0300100033348	336
90.130043347783	380
90.2300766922311	393
90.3301100366793	352
90.4301433811274	336
90.5301767255756	370
90.6302100700237	350
90.7302434144719	353
90.83027675892	365
90.9303101033682	365
91.0303434478163	365
91.1303767922645	381
91.2304101367126	370
91.3304434811608	386
91.4304768256089	325
91.5305101700571	348
91.6305435145052	332
91.7305768589534	352
91.8306102034015	377
91.9306435478497	363
92.0306768922978	364
92.130710236746	383
92.2307435811941	365
92.3307769256423	379
92.4308102700904	344
92.5308436145386	380
92.6308769589867	321
92.7309103034349	351
92.830943647883	357
92.9309769923312	381
93.0310103367793	336
93.1310436812275	354
93.2310770256756	364
93.3311103701238	360
93.4311437145719	343
93.5311770590201	405
93.6312104034682	346
93.7312437479164	349
93.8312770923645	335
93.9313104368127	351
94.0313437812608	356
94.131377125709	369
94.2314104701571	348
94.3314438146053	383
94.4314771590534	335
94.5315105035016	365
94.6315438479497	361
94.7315771923979	361
94.831610536846	354
94.9316438812941	366
95.0316772257423	316
95.1317105701904	320
95.2317439146386	315
95.3317772590867	329
95.4318106035349	326
95.531843947983	330
95.6318772924312	343
95.7319106368793	329
95.8319439813275	337
95.9319773257756	372
96.0320106702238	354
96.1320440146719	298
96.2320773591201	363
96.3321107035682	334
96.4321440480164	365
96.5321773924645	321
96.6322107369127	344
96.7322440813608	352
96.832277425809	359
96.9323107702571	329
97.0323441147053	319
97.1323774591534	298
97.2324108036016	328
97.3324441480497	309
97.4324774924979	351
97.532510836946	347
97.6325441813942	343
97.7325775258423	288
97.8326108702905	352
97.9326442147386	350
98.0326775591868	316
98.1327109036349	348
98.2327442480831	336
98.3327775925312	312
98.4328109369794	315
98.5328442814275	340
98.6328776258757	292
98.7329109703238	311
98.832944314772	344
98.9329776592201	354
99.0330110036683	338
99.1330443481164	337
99.2330776925646	329
99.3331110370127	348
99.4331443814609	310
99.533177725909	304
99.6332110703572	332
99.7332444148053	325
99.8332777592535	325
99.9333111037016	313
100.03334444815	332
100.133377792598	308
100.233411137046	313
100.333444481494	313
100.433477825942	324
100.533511170391	324
100.633544514839	338
100.733577859287	354
100.833611203735	308
100.933644548183	343
101.033677892631	299
101.133711237079	320
101.233744581528	332
101.333777925976	313
101.433811270424	320
101.533844614872	326
101.63387795932	316
101.733911303768	312
101.833944648216	337
101.933977992665	288
102.034011337113	287
102.134044681561	339
102.234078026009	301
102.334111370457	324
102.434144714905	311
102.534178059354	299
102.634211403802	306
102.73424474825	272
102.834278092698	307
102.934311437146	283
103.034344781594	321
103.134378126042	302
103.234411470491	309
103.334444814939	314
103.434478159387	309
103.534511503835	327
103.634544848283	335
103.734578192731	288
103.834611537179	298
103.934644881628	302
104.034678226076	292
104.134711570524	316
104.234744914972	328
104.33477825942	335
104.434811603868	313
104.534844948317	316
104.634878292765	326
104.734911637213	319
104.834944981661	287
104.934978326109	284
105.035011670557	311
105.135045015005	282
105.235078359454	321
105.335111703902	288
105.43514504835	290
105.535178392798	304
105.635211737246	304
105.735245081694	293
105.835278426142	298
105.935311770591	299
106.035345115039	302
106.135378459487	299
106.235411803935	292
106.335445148383	308
106.435478492831	284
106.53551183728	292
106.635545181728	338
106.735578526176	305
106.835611870624	304
106.935645215072	264
107.03567855952	289
107.135711903968	305
107.235745248417	298
107.335778592865	288
107.435811937313	286
107.535845281761	276
107.635878626209	324
107.735911970657	300
107.835945315105	318
107.935978659554	270
108.036012004002	279
108.13604534845	321
108.236078692898	274
108.336112037346	324
108.436145381794	310
108.536178726243	301
108.636212070691	307
108.736245415139	278
108.836278759587	287
108.936312104035	271
109.036345448483	285
109.136378792931	299
109.23641213738	287
109.336445481828	270
109.436478826276	304
109.536512170724	275
109.636545515172	307
109.73657885962	317
109.836612204068	272
109.936645548517	304
110.036678892965	266
110.136712237413	291
110.236745581861	259
110.336778926309	277
110.436812270757	266
110.536845615206	302
110.636878959654	256
110.736912304102	308
110.83694564855	300
110.936978992998	314
111.037012337446	271
111.137045681894	291
111.237079026343	293
111.337112370791	273
111.437145715239	295
111.537179059687	239
111.637212404135	287
111.737245748583	260
111.837279093031	289
111.93731243748	270
112.037345781928	291
112.137379126376	291
112.237412470824	279
112.337445815272	274
112.43747915972	267
112.537512504169	240
112.637545848617	274
112.737579193065	263
112.837612537513	274
112.937645881961	261
113.037679226409	277
113.137712570857	249
113.237745915306	249
113.337779259754	259
113.437812604202	272
113.53784594865	288
113.637879293098	260
113.737912637546	255
113.837945981994	275
113.937979326443	252
114.038012670891	283
114.138046015339	271
114.238079359787	269
114.338112704235	277
114.438146048683	267
114.538179393132	269
114.63821273758	277
114.738246082028	274
114.838279426476	281
114.938312770924	273
115.038346115372	266
115.13837945982	246
115.238412804269	246
115.338446148717	279
115.438479493165	242
115.538512837613	276
115.638546182061	250
115.738579526509	307
115.838612870957	253
115.938646215406	245
116.038679559854	257
116.138712904302	271
116.23874624875	254
116.338779593198	265
116.438812937646	252
116.538846282095	281
116.638879626543	258
116.738912970991	267
116.838946315439	268
116.938979659887	257
117.039013004335	275
117.139046348783	250
117.239079693232	275
117.33911303768	263
117.439146382128	264
117.539179726576	243
117.639213071024	301
117.739246415472	266
117.83927975992	256
117.939313104369	237
118.039346448817	222
118.139379793265	274
118.239413137713	239
118.339446482161	258
118.439479826609	236
118.539513171058	266
118.639546515506	271
118.739579859954	291
118.839613204402	261
118.93964654885	255
119.039679893298	248
119.139713237746	252
119.239746582195	257
119.339779926643	275
119.439813271091	221
119.539846615539	263
119.639879959987	248
119.739913304435	258
119.839946648883	243
119.939979993332	265
120.04001333778	259
120.140046682228	244
120.240080026676	267
120.340113371124	218
120.440146715572	250
120.540180060021	249
120.640213404469	253
120.740246748917	266
120.840280093365	245
120.940313437813	248
121.040346782261	246
121.140380126709	216
121.240413471158	276
121.340446815606	253
121.440480160054	257
121.540513504502	227
121.64054684895	261
121.740580193398	276
121.840613537846	247
121.940646882295	247
122.040680226743	228
122.140713571191	244
122.240746915639	248
122.340780260087	261
122.440813604535	241
122.540846948983	237
122.640880293432	220
122.74091363788	259
122.840946982328	228
122.940980326776	240
123.041013671224	258
123.141047015672	243
123.241080360121	256
123.341113704569	241
123.441147049017	208
123.541180393465	233
123.641213737913	232
123.741247082361	258
123.841280426809	205
123.941313771258	238
124.041347115706	219
124.141380460154	247
124.241413804602	252
124.34144714905	269
124.441480493498	278
124.541513837946	266
124.641547182395	255
124.741580526843	233
124.841613871291	234
124.941647215739	239
125.041680560187	214
125.141713904635	235
125.241747249084	245
125.341780593532	232
125.44181393798	231
125.541847282428	260
125.641880626876	274
125.741913971324	275
125.841947315772	212
125.941980660221	237
126.042014004669	256
126.142047349117	228
126.242080693565	251
126.342114038013	217
126.442147382461	234
126.542180726909	261
126.642214071358	219
126.742247415806	218
126.842280760254	198
126.942314104702	200
127.04234744915	253
127.142380793598	239
127.242414138047	234
127.342447482495	234
127.442480826943	235
127.542514171391	256
127.642547515839	206
127.742580860287	233
127.842614204735	246
127.942647549184	256
128.042680893632	255
128.14271423808	215
128.242747582528	210
128.342780926976	231
128.442814271424	234
128.542847615872	214
128.642880960321	224
128.742914304769	197
128.842947649217	225
128.942980993665	240
129.043014338113	231
129.143047682561	206
129.24308102701	230
129.343114371458	222
129.443147715906	239
129.543181060354	247
129.643214404802	220
129.74324774925	214
129.843281093698	211
129.943314438147	254
130.043347782595	248
130.143381127043	227
130.243414471491	253
130.343447815939	206
130.443481160387	225
130.543514504835	199
130.643547849284	229
130.743581193732	274
130.84361453818	236
130.943647882628	245
131.043681227076	233
131.143714571524	266
131.243747915973	194
131.343781260421	205
131.443814604869	237
131.543847949317	195
131.643881293765	208
131.743914638213	202
131.843947982661	234
131.94398132711	217
132.044014671558	225
132.144048016006	223
132.244081360454	201
132.344114704902	212
132.44414804935	216
132.544181393798	250
132.644214738247	224
132.744248082695	231
132.844281427143	217
132.944314771591	197
133.044348116039	207
133.144381460487	238
133.244414804936	226
133.344448149384	212
133.444481493832	209
133.54451483828	240
133.644548182728	208
133.744581527176	225
133.844614871624	207
133.944648216073	232
134.044681560521	234
134.144714904969	217
134.244748249417	221
134.344781593865	195
134.444814938313	239
134.544848282761	192
134.64488162721	236
134.744914971658	206
134.844948316106	223
134.944981660554	231
135.045015005002	206
135.14504834945	241
135.245081693899	238
135.345115038347	194
135.445148382795	200
135.545181727243	201
135.645215071691	192
135.745248416139	202
135.845281760587	216
135.945315105036	205
136.045348449484	212
136.145381793932	205
136.24541513838	217
136.345448482828	217
136.445481827276	236
136.545515171724	207
136.645548516173	231
136.745581860621	216
136.845615205069	244
136.945648549517	193
137.045681893965	225
137.145715238413	217
137.245748582862	218
137.34578192731	224
137.445815271758	205
137.545848616206	229
137.645881960654	212
137.745915305102	221
137.84594864955	205
137.945981993999	196
138.046015338447	219
138.146048682895	242
138.246082027343	200
138.346115371791	199
138.446148716239	211
138.546182060687	192
138.646215405136	204
138.746248749584	202
138.846282094032	189
138.94631543848	231
139.046348782928	193
139.146382127376	230
139.246415471825	189
139.346448816273	225
139.446482160721	213
139.546515505169	223
139.646548849617	209
139.746582194065	211
139.846615538513	189
139.946648882962	218
140.04668222741	233
140.146715571858	190
140.246748916306	215
140.346782260754	200
140.446815605202	189
140.54684894965	216
140.646882294099	217
140.746915638547	220
140.846948982995	211
140.946982327443	195
141.047015671891	235
141.147049016339	169
141.247082360788	214
141.347115705236	212
141.447149049684	182
141.547182394132	248
141.64721573858	197
141.747249083028	219
141.847282427476	217
141.947315771925	201
142.047349116373	196
142.147382460821	243
142.247415805269	209
142.347449149717	216
142.447482494165	223
142.547515838613	215
142.647549183062	207
142.74758252751	211
142.847615871958	223
142.947649216406	216
143.047682560854	175
143.147715905302	196
143.247749249751	193
143.347782594199	189
143.447815938647	209
143.547849283095	199
143.647882627543	181
143.747915971991	190
143.847949316439	210
143.947982660888	175
144.048016005336	231
144.148049349784	207
144.248082694232	185
144.34811603868	202
144.448149383128	220
144.548182727576	193
144.648216072025	218
144.748249416473	201
144.848282760921	208
144.948316105369	191
145.048349449817	182
145.148382794265	215
145.248416138714	199
145.348449483162	196
145.44848282761	187
145.548516172058	165
145.648549516506	170
145.748582860954	196
145.848616205402	202
145.948649549851	189
146.048682894299	207
146.148716238747	189
146.248749583195	177
146.348782927643	192
146.448816272091	184
146.548849616539	213
146.648882960988	186
146.748916305436	214
146.848949649884	184
146.948982994332	221
147.04901633878	196
147.149049683228	214
147.249083027677	167
147.349116372125	192
147.449149716573	210
147.549183061021	192
147.649216405469	199
147.749249749917	207
147.849283094365	177
147.949316438814	165
148.049349783262	202
148.14938312771	194
148.249416472158	196
148.349449816606	203
148.449483161054	197
148.549516505502	200
148.649549849951	201
148.749583194399	214
148.849616538847	186
148.949649883295	189
149.049683227743	197
149.149716572191	187
149.24974991664	183
149.349783261088	183
149.449816605536	173
149.549849949984	197
149.649883294432	160
149.74991663888	184
149.849949983328	240
149.949983327777	179
150.050016672225	204
150.150050016673	191
150.250083361121	182
150.350116705569	196
150.450150050017	189
150.550183394465	166
150.650216738914	175
150.750250083362	175
150.85028342781	184
150.950316772258	191
151.050350116706	172
151.150383461154	190
151.250416805602	202
151.350450150051	182
151.450483494499	189
151.550516838947	204
151.650550183395	199
151.750583527843	166
151.850616872291	186
151.95065021674	177
152.050683561188	207
152.150716905636	210
152.250750250084	196
152.350783594532	205
152.45081693898	193
152.550850283428	191
152.650883627877	160
152.750916972325	194
152.850950316773	169
152.950983661221	191
153.051017005669	194
153.151050350117	190
153.251083694565	178
153.351117039014	167
153.451150383462	180
153.55118372791	177
153.651217072358	193
153.751250416806	176
153.851283761254	210
153.951317105703	180
154.051350450151	196
154.151383794599	169
154.251417139047	192
154.351450483495	178
154.451483827943	210
154.551517172391	187
154.65155051684	194
154.751583861288	183
154.851617205736	179
154.951650550184	160
155.051683894632	183
155.15171723908	205
155.251750583528	156
155.351783927977	183
155.451817272425	167
155.551850616873	193
155.651883961321	201
155.751917305769	177
155.851950650217	182
155.951983994666	178
156.052017339114	160
156.152050683562	182
156.25208402801	193
156.352117372458	186
156.452150716906	189
156.552184061354	165
156.652217405803	162
156.752250750251	176
156.852284094699	176
156.952317439147	188
157.052350783595	175
157.152384128043	186
157.252417472491	180
157.35245081694	192
157.452484161388	185
157.552517505836	191
157.652550850284	191
157.752584194732	189
157.85261753918	185
157.952650883629	208
158.052684228077	166
158.152717572525	195
158.252750916973	161
158.352784261421	179
158.452817605869	187
158.552850950317	187
158.652884294766	183
158.752917639214	177
158.852950983662	169
158.95298432811	185
159.053017672558	172
159.153051017006	174
159.253084361454	173
159.353117705903	188
159.453151050351	187
159.553184394799	185
159.653217739247	167
159.753251083695	182
159.853284428143	161
159.953317772592	157
160.05335111704	170
160.153384461488	175
160.253417805936	166
160.353451150384	165
160.453484494832	194
160.55351783928	143
160.653551183729	191
160.753584528177	195
160.853617872625	170
160.953651217073	159
161.053684561521	191
161.153717905969	193
161.253751250417	208
161.353784594866	170
161.453817939314	187
161.553851283762	167
161.65388462821	186
161.753917972658	176
161.853951317106	169
161.953984661555	187
162.054018006003	184
162.154051350451	189
162.254084694899	177
162.354118039347	204
162.454151383795	160
162.554184728243	159
162.654218072692	167
162.75425141714	167
162.854284761588	177
162.954318106036	195
163.054351450484	175
163.154384794932	168
163.25441813938	171
163.354451483829	161
163.454484828277	149
163.554518172725	157
163.654551517173	154
163.754584861621	179
163.854618206069	168
163.954651550518	147
164.054684894966	208
164.154718239414	156
164.254751583862	161
164.35478492831	191
164.454818272758	192
164.554851617206	167
164.654884961655	192
164.754918306103	167
164.854951650551	168
164.954984994999	156
165.055018339447	163
165.155051683895	165
165.255085028343	158
165.355118372792	154
165.45515171724	152
165.555185061688	179
165.655218406136	158
165.755251750584	143
165.855285095032	160
165.955318439481	167
166.055351783929	170
166.155385128377	174
166.255418472825	160
166.355451817273	154
166.455485161721	173
166.555518506169	192
166.655551850618	163
166.755585195066	158
166.855618539514	172
166.955651883962	151
167.05568522841	188
167.155718572858	170
167.255751917306	162
167.355785261755	160
167.455818606203	175
167.555851950651	172
167.655885295099	169
167.755918639547	143
167.855951983995	168
167.955985328444	185
168.056018672892	136
168.15605201734	160
168.256085361788	185
168.356118706236	170
168.456152050684	154
168.556185395132	174
168.656218739581	186
168.756252084029	175
168.856285428477	159
168.956318772925	162
169.056352117373	211
169.156385461821	167
169.256418806269	173
169.356452150718	165
169.456485495166	170
169.556518839614	187
169.656552184062	191
169.75658552851	176
169.856618872958	160
169.956652217407	174
170.056685561855	172
170.156718906303	159
170.256752250751	167
170.356785595199	165
170.456818939647	155
170.556852284095	176
170.656885628544	170
170.756918972992	163
170.85695231744	159
170.956985661888	174
171.057019006336	166
171.157052350784	164
171.257085695232	181
171.357119039681	152
171.457152384129	163
171.557185728577	126
171.657219073025	131
171.757252417473	163
171.857285761921	175
171.95731910637	153
172.057352450818	155
172.157385795266	170
172.257419139714	169
172.357452484162	162
172.45748582861	170
172.557519173058	184
172.657552517507	164
172.757585861955	140
172.857619206403	153
172.957652550851	152
173.057685895299	163
173.157719239747	185
173.257752584195	133
173.357785928644	186
173.457819273092	135
173.55785261754	127
173.657885961988	156
173.757919306436	157
173.857952650884	156
173.957985995333	134
174.058019339781	135
174.158052684229	167
174.258086028677	167
174.358119373125	135
174.458152717573	174
174.558186062021	165
174.65821940647	149
174.758252750918	141
174.858286095366	183
174.958319439814	147
175.058352784262	168
175.15838612871	171
175.258419473158	164
175.358452817607	159
175.458486162055	152
175.558519506503	162
175.658552850951	159
175.758586195399	160
175.858619539847	173
175.958652884296	164
176.058686228744	123
176.158719573192	157
176.25875291764	155
176.358786262088	157
176.458819606536	145
176.558852950984	157
176.658886295433	158
176.758919639881	151
176.858952984329	157
176.958986328777	140
177.059019673225	158
177.159053017673	161
177.259086362121	135
177.35911970657	152
177.459153051018	168
177.559186395466	155
177.659219739914	149
177.759253084362	150
177.85928642881	136
177.959319773258	152
178.059353117707	156
178.159386462155	156
178.259419806603	135
178.359453151051	158
178.459486495499	137
178.559519839947	145
178.659553184396	149
178.759586528844	151
178.859619873292	146
178.95965321774	148
179.059686562188	168
179.159719906636	153
179.259753251084	159
179.359786595533	165
179.459819939981	149
179.559853284429	146
179.659886628877	156
179.759919973325	138
179.859953317773	136
179.959986662221	124
180.06002000667	180
180.160053351118	159
180.260086695566	140
180.360120040014	143
180.460153384462	161
180.56018672891	130
180.660220073359	154
180.760253417807	152
180.860286762255	129
180.960320106703	160
181.060353451151	157
181.160386795599	153
181.260420140047	153
181.360453484496	131
181.460486828944	155
181.560520173392	157
181.66055351784	165
181.760586862288	156
181.860620206736	141
181.960653551184	160
182.060686895633	162
182.160720240081	159
182.260753584529	163
182.360786928977	154
182.460820273425	149
182.560853617873	136
182.660886962322	144
182.76092030677	162
182.860953651218	164
182.960986995666	152
183.061020340114	145
183.161053684562	147
183.26108702901	131
183.361120373459	136
183.461153717907	165
183.561187062355	151
183.661220406803	150
183.761253751251	143
183.861287095699	151
183.961320440147	133
184.061353784596	158
184.161387129044	152
184.261420473492	140
184.36145381794	166
184.461487162388	164
184.561520506836	148
184.661553851285	141
184.761587195733	132
184.861620540181	132
184.961653884629	139
185.061687229077	146
185.161720573525	150
185.261753917973	135
185.361787262422	165
185.46182060687	128
185.561853951318	142
185.661887295766	142
185.761920640214	125
185.861953984662	168
185.96198732911	125
186.062020673559	130
186.162054018007	144
186.262087362455	150
186.362120706903	155
186.462154051351	134
186.562187395799	148
186.662220740248	117
186.762254084696	145
186.862287429144	158
186.962320773592	135
187.06235411804	146
187.162387462488	134
187.262420806936	163
187.362454151385	127
187.462487495833	137
187.562520840281	131
187.662554184729	153
187.762587529177	143
187.862620873625	130
187.962654218073	148
188.062687562522	158
188.16272090697	150
188.262754251418	134
188.362787595866	134
188.462820940314	166
188.562854284762	171
188.662887629211	157
188.762920973659	135
188.862954318107	127
188.962987662555	136
189.063021007003	145
189.163054351451	138
189.263087695899	147
189.363121040348	148
189.463154384796	138
189.563187729244	124
189.663221073692	152
189.76325441814	140
189.863287762588	131
189.963321107036	128
190.063354451485	146
190.163387795933	140
190.263421140381	131
190.363454484829	123
190.463487829277	127
190.563521173725	109
190.663554518174	145
190.763587862622	146
190.86362120707	141
190.963654551518	140
191.063687895966	128
191.163721240414	153
191.263754584862	162
191.363787929311	151
191.463821273759	119
191.563854618207	134
191.663887962655	129
191.763921307103	141
191.863954651551	140
191.963987995999	142
192.064021340448	137
192.164054684896	149
192.264088029344	116
192.364121373792	149
192.46415471824	141
192.564188062688	133
192.664221407137	150
192.764254751585	131
192.864288096033	133
192.964321440481	127
193.064354784929	137
193.164388129377	127
193.264421473825	135
193.364454818274	157
193.464488162722	141
193.56452150717	153
193.664554851618	140
193.764588196066	154
193.864621540514	150
193.964654884962	158
194.064688229411	152
194.164721573859	154
194.264754918307	127
194.364788262755	139
194.464821607203	127
194.564854951651	152
194.6648882961	148
194.764921640548	126
194.864954984996	126
194.964988329444	145
195.065021673892	143
195.16505501834	127
195.265088362788	127
195.365121707237	142
195.465155051685	143
195.565188396133	145
195.665221740581	135
195.765255085029	124
195.865288429477	149
195.965321773925	132
196.065355118374	137
196.165388462822	164
196.26542180727	112
196.365455151718	141
196.465488496166	131
196.565521840614	135
196.665555185063	146
196.765588529511	153
196.865621873959	141
196.965655218407	118
197.065688562855	150
197.165721907303	137
197.265755251751	164
197.3657885962	109
197.465821940648	118
197.565855285096	137
197.665888629544	155
197.765921973992	152
197.86595531844	143
197.965988662888	147
198.066022007337	126
198.166055351785	154
198.266088696233	133
198.366122040681	123
198.466155385129	139
198.566188729577	130
198.666222074026	139
198.766255418474	129
198.866288762922	155
198.96632210737	139
199.066355451818	137
199.166388796266	146
199.266422140714	145
199.366455485163	136
199.466488829611	168
199.566522174059	139
199.666555518507	137
199.766588862955	141
199.866622207403	108
199.966655551851	134
200.0666888963	129
200.166722240748	139
200.266755585196	139
200.366788929644	146
200.466822274092	135
200.56685561854	150
200.666888962989	144
200.766922307437	137
200.866955651885	152
200.966988996333	130
201.067022340781	132
201.167055685229	100
201.267089029677	127
201.367122374126	131
201.467155718574	128
201.567189063022	133
201.66722240747	126
201.767255751918	135
201.867289096366	129
201.967322440814	152
202.067355785263	125
202.167389129711	126
202.267422474159	170
202.367455818607	113
202.467489163055	154
202.567522507503	117
202.667555851952	133
202.7675891964	141
202.867622540848	129
202.967655885296	129
203.067689229744	144
203.167722574192	132
203.26775591864	136
203.367789263089	109
203.467822607537	127
203.567855951985	117
203.667889296433	119
203.767922640881	139
203.867955985329	130
203.967989329777	122
204.068022674226	150
204.168056018674	124
204.268089363122	118
204.36812270757	143
204.468156052018	122
204.568189396466	142
204.668222740915	134
204.768256085363	121
204.868289429811	124
204.968322774259	121
205.068356118707	129
205.168389463155	114
205.268422807603	118
205.368456152052	125
205.4684894965	134
205.568522840948	135
205.668556185396	131
205.768589529844	116
205.868622874292	143
205.96865621874	131
206.068689563189	107
206.168722907637	148
206.268756252085	120
206.368789596533	132
206.468822940981	108
206.568856285429	140
206.668889629877	146
206.768922974326	114
206.868956318774	111
206.968989663222	142
207.06902300767	133
207.169056352118	121
207.269089696566	126
207.369123041015	124
207.469156385463	131
207.569189729911	126
207.669223074359	107
207.769256418807	123
207.869289763255	133
207.969323107703	113
208.069356452152	125
208.1693897966	151
208.269423141048	128
208.369456485496	127
208.469489829944	125
208.569523174392	102
208.66955651884	144
208.769589863289	135
208.869623207737	157
208.969656552185	133
209.069689896633	110
209.169723241081	128
209.269756585529	126
209.369789929978	129
209.469823274426	139
209.569856618874	124
209.669889963322	148
209.76992330777	118
209.869956652218	143
209.969989996666	134
210.070023341115	120
210.170056685563	125
210.270090030011	121
210.370123374459	116
210.470156718907	131
210.570190063355	144
210.670223407803	126
210.770256752252	132
210.8702900967	109
210.970323441148	141
211.070356785596	122
211.170390130044	120
211.270423474492	116
211.370456818941	129
211.470490163389	127
211.570523507837	122
211.670556852285	126
211.770590196733	160
211.870623541181	122
211.970656885629	118
212.070690230078	124
212.170723574526	152
212.270756918974	121
212.370790263422	128
212.47082360787	143
212.570856952318	129
212.670890296766	128
212.770923641215	119
212.870956985663	131
212.970990330111	130
213.071023674559	101
213.171057019007	141
213.271090363455	110
213.371123707904	129
213.471157052352	124
213.5711903968	106
213.671223741248	111
213.771257085696	118
213.871290430144	146
213.971323774592	106
214.071357119041	126
214.171390463489	116
214.271423807937	133
214.371457152385	137
214.471490496833	116
214.571523841281	111
214.671557185729	117
214.771590530178	106
214.871623874626	115
214.971657219074	118
215.071690563522	123
215.17172390797	114
215.271757252418	134
215.371790596867	115
215.471823941315	125
215.571857285763	105
215.671890630211	124
215.771923974659	107
215.871957319107	107
215.971990663555	125
216.072024008004	115
216.172057352452	113
216.2720906969	150
216.372124041348	140
216.472157385796	144
216.572190730244	120
216.672224074692	135
216.772257419141	142
216.872290763589	116
216.972324108037	111
217.072357452485	123
217.172390796933	133
217.272424141381	123
217.37245748583	112
217.472490830278	125
217.572524174726	122
217.672557519174	116
217.772590863622	94
217.87262420807	120
217.972657552518	118
218.072690896967	107
218.172724241415	128
218.272757585863	123
218.372790930311	106
218.472824274759	116
218.572857619207	116
218.672890963655	128
218.772924308104	128
218.872957652552	112
218.972990997	110
219.073024341448	134
219.173057685896	109
219.273091030344	123
219.373124374793	130
219.473157719241	138
219.573191063689	106
219.673224408137	129
219.773257752585	122
219.873291097033	113
219.973324441481	119
220.07335778593	128
220.173391130378	139
220.273424474826	125
220.373457819274	124
220.473491163722	122
220.57352450817	138
220.673557852618	127
220.773591197067	120
220.873624541515	115
220.973657885963	103
221.073691230411	101
221.173724574859	101
221.273757919307	98
221.373791263756	123
221.473824608204	114
221.573857952652	122
221.6738912971	107
221.773924641548	114
221.873957985996	121
221.973991330444	112
222.074024674893	114
222.174058019341	114
222.274091363789	117
222.374124708237	120
222.474158052685	109
222.574191397133	108
222.674224741581	107
222.77425808603	97
222.874291430478	104
222.974324774926	112
223.074358119374	122
223.174391463822	106
223.27442480827	101
223.374458152719	118
223.474491497167	101
223.574524841615	92
223.674558186063	118
223.774591530511	112
223.874624874959	127
223.974658219407	122
224.074691563856	96
224.174724908304	129
224.274758252752	110
224.3747915972	113
224.474824941648	126
224.574858286096	97
224.674891630544	132
224.774924974993	110
224.874958319441	119
224.974991663889	98
225.075025008337	108
225.175058352785	111
225.275091697233	116
225.375125041682	104
225.47515838613	129
225.575191730578	126
225.675225075026	108
225.775258419474	100
225.875291763922	120
225.97532510837	102
226.075358452819	117
226.175391797267	127
226.275425141715	101
226.375458486163	127
226.475491830611	131
226.575525175059	120
226.675558519507	119
226.775591863956	113
226.875625208404	114
226.975658552852	124
227.0756918973	130
227.175725241748	114
227.275758586196	114
227.375791930645	104
227.475825275093	100
227.575858619541	122
227.675891963989	108
227.775925308437	94
227.875958652885	107
227.975991997333	116
228.076025341782	111
228.17605868623	115
228.276092030678	124
228.376125375126	104
228.476158719574	113
228.576192064022	119
228.67622540847	108
228.776258752919	108
228.876292097367	123
228.976325441815	114
229.076358786263	122
229.176392130711	145
229.276425475159	130
229.376458819608	105
229.476492164056	109
229.576525508504	105
229.676558852952	103
229.7765921974	135
229.876625541848	128
229.976658886296	127
230.076692230745	117
230.176725575193	105
230.276758919641	116
230.376792264089	115
230.476825608537	88
230.576858952985	118
230.676892297433	102
230.776925641882	118
230.87695898633	101
230.976992330778	95
231.077025675226	115
231.177059019674	102
231.277092364122	113
231.377125708571	121
231.477159053019	137
231.577192397467	103
231.677225741915	113
231.777259086363	104
231.877292430811	95
231.977325775259	90
232.077359119708	107
232.177392464156	109
232.277425808604	102
232.377459153052	100
232.4774924975	123
232.577525841948	114
232.677559186396	125
232.777592530845	106
232.877625875293	110
232.977659219741	104
233.077692564189	101
233.177725908637	123
233.277759253085	104
233.377792597533	96
233.477825941982	106
233.57785928643	94
233.677892630878	124
233.777925975326	115
233.877959319774	106
233.977992664222	114
234.078026008671	107
234.178059353119	103
234.278092697567	106
234.378126042015	114
234.478159386463	128
234.578192730911	113
234.678226075359	102
234.778259419808	108
234.878292764256	112
234.978326108704	112
235.078359453152	90
235.1783927976	106
235.278426142048	117
235.378459486496	111
235.478492830945	113
235.578526175393	96
235.678559519841	110
235.778592864289	105
235.878626208737	94
235.978659553185	112
236.078692897634	101
236.178726242082	121
236.27875958653	100
236.378792930978	127
236.478826275426	101
236.578859619874	109
236.678892964322	105
236.778926308771	116
236.878959653219	128
236.978992997667	118
237.079026342115	117
237.179059686563	118
237.279093031011	99
237.379126375459	112
237.479159719908	88
237.579193064356	121
237.679226408804	105
237.779259753252	112
237.8792930977	95
237.979326442148	108
238.079359786597	108
238.179393131045	95
238.279426475493	107
238.379459819941	124
238.479493164389	94
238.579526508837	99
238.679559853285	94
238.779593197734	78
238.879626542182	105
238.97965988663	92
239.079693231078	113
239.179726575526	116
239.279759919974	105
239.379793264422	114
239.479826608871	107
239.579859953319	103
239.679893297767	92
239.779926642215	96
239.879959986663	99
239.979993331111	118
240.08002667556	112
240.180060020008	81
240.280093364456	87
240.380126708904	105
240.480160053352	99
240.5801933978	107
240.680226742248	118
240.780260086697	109
240.880293431145	103
240.980326775593	103
241.080360120041	89
241.180393464489	99
241.280426808937	108
241.380460153385	104
241.480493497834	113
241.580526842282	114
241.68056018673	118
241.780593531178	94
241.880626875626	85
241.980660220074	98
242.080693564523	108
242.180726908971	107
242.280760253419	88
242.380793597867	118
242.480826942315	97
242.580860286763	100
242.680893631211	96
242.78092697566	93
242.880960320108	109
242.980993664556	109
243.081027009004	116
243.181060353452	102
243.2810936979	92
243.381127042348	103
243.481160386797	86
243.581193731245	103
243.681227075693	123
243.781260420141	101
243.881293764589	99
243.981327109037	111
244.081360453486	108
244.181393797934	87
244.281427142382	99
244.38146048683	112
244.481493831278	97
244.581527175726	104
244.681560520174	95
244.781593864623	110
244.881627209071	103
244.981660553519	98
245.081693897967	88
245.181727242415	103
245.281760586863	100
245.381793931311	98
245.48182727576	100
245.581860620208	110
245.681893964656	100
245.781927309104	101
245.881960653552	94
245.981993998	91
246.082027342449	86
246.182060686897	117
246.282094031345	103
246.382127375793	100
246.482160720241	112
246.582194064689	96
246.682227409137	93
246.782260753586	86
246.882294098034	101
246.982327442482	101
247.08236078693	101
247.182394131378	89
247.282427475826	116
247.382460820274	82
247.482494164723	95
247.582527509171	94
247.682560853619	102
247.782594198067	107
247.882627542515	117
247.982660886963	114
248.082694231412	110
248.18272757586	129
248.282760920308	94
248.382794264756	110
248.482827609204	109
248.582860953652	109
248.6828942981	101
248.782927642549	101
248.882960986997	93
248.982994331445	108
249.083027675893	92
249.183061020341	121
249.283094364789	101
249.383127709237	98
249.483161053686	107
249.583194398134	78
249.683227742582	111
249.78326108703	89
249.883294431478	114
249.983327775926	111
250.083361120375	100
250.183394464823	106
250.283427809271	105
250.383461153719	91
250.483494498167	98
250.583527842615	93
250.683561187063	94
250.783594531512	97
250.88362787596	121
250.983661220408	89
251.083694564856	100
251.183727909304	95
251.283761253752	101
251.3837945982	97
251.483827942649	94
251.583861287097	96
251.683894631545	104
251.783927975993	91
251.883961320441	84
251.983994664889	111
252.084028009338	99
252.184061353786	73
252.284094698234	123
252.384128042682	94
252.48416138713	120
252.584194731578	106
252.684228076026	123
252.784261420475	97
252.884294764923	113
252.984328109371	113
253.084361453819	100
253.184394798267	95
253.284428142715	92
253.384461487163	115
253.484494831612	94
253.58452817606	110
253.684561520508	126
253.784594864956	110
253.884628209404	88
253.984661553852	89
254.084694898301	88
254.184728242749	103
254.284761587197	96
254.384794931645	105
254.484828276093	93
254.584861620541	85
254.684894964989	88
254.784928309438	89
254.884961653886	107
254.984994998334	92
255.085028342782	90
255.18506168723	114
255.285095031678	111
255.385128376126	95
255.485161720575	108
255.585195065023	112
255.685228409471	94
255.785261753919	80
255.885295098367	89
255.985328442815	103
256.085361787263	83
256.185395131712	99
256.28542847616	111
256.385461820608	93
256.485495165056	111
256.585528509504	109
256.685561853952	100
256.785595198401	101
256.885628542849	88
256.985661887297	89
257.085695231745	98
257.185728576193	94
257.285761920641	96
257.385795265089	91
257.485828609538	109
257.585861953986	95
257.685895298434	118
257.785928642882	123
257.88596198733	107
257.985995331778	80
258.086028676226	116
258.186062020675	94
258.286095365123	63
258.386128709571	103
258.486162054019	94
258.586195398467	85
258.686228742915	98
258.786262087364	78
258.886295431812	93
258.98632877626	118
259.086362120708	92
259.186395465156	98
259.286428809604	103
259.386462154052	95
259.486495498501	111
259.586528842949	109
259.686562187397	102
259.786595531845	109
259.886628876293	84
259.986662220741	96
260.086695565189	92
260.186728909638	100
260.286762254086	81
260.386795598534	101
260.486828942982	94
260.58686228743	103
260.686895631878	101
260.786928976327	117
260.886962320775	91
260.986995665223	106
261.087029009671	93
261.187062354119	126
261.287095698567	105
261.387129043015	98
261.487162387464	100
261.587195731912	107
261.68722907636	75
261.787262420808	92
261.887295765256	114
261.987329109704	94
262.087362454152	89
262.187395798601	92
262.287429143049	82
262.387462487497	94
262.487495831945	113
262.587529176393	101
262.687562520841	81
262.78759586529	93
262.887629209738	90
262.987662554186	81
263.087695898634	106
263.187729243082	102
263.28776258753	89
263.387795931978	93
263.487829276427	93
263.587862620875	106
263.687895965323	92
263.787929309771	88
263.887962654219	80
263.987995998667	77
264.088029343115	94
264.188062687564	100
264.288096032012	85
264.38812937646	117
264.488162720908	98
264.588196065356	95
264.688229409804	99
264.788262754253	105
264.888296098701	101
264.988329443149	78
265.088362787597	85
265.188396132045	98
265.288429476493	102
265.388462820941	103
265.48849616539	114
265.588529509838	83
265.688562854286	87
265.788596198734	76
265.888629543182	88
265.98866288763	96
266.088696232078	106
266.188729576527	95
266.288762920975	81
266.388796265423	87
266.488829609871	101
266.588862954319	109
266.688896298767	89
266.788929643216	93
266.888962987664	87
266.988996332112	93
267.08902967656	82
267.189063021008	87
267.289096365456	105
267.389129709904	103
267.489163054353	76
267.589196398801	95
267.689229743249	111
267.789263087697	97
267.889296432145	78
267.989329776593	107
268.089363121041	93
268.18939646549	87
268.289429809938	100
268.389463154386	106
268.489496498834	101
268.589529843282	96
268.68956318773	85
268.789596532179	83
268.889629876627	82
268.989663221075	74
269.089696565523	80
269.189729909971	102
269.289763254419	88
269.389796598867	96
269.489829943316	89
269.589863287764	85
269.689896632212	88
269.78992997666	103
269.889963321108	95
269.989996665556	91
270.090030010004	93
270.190063354453	118
270.290096698901	102
270.390130043349	101
270.490163387797	99
270.590196732245	75
270.690230076693	87
270.790263421142	108
270.89029676559	73
270.990330110038	104
271.090363454486	88
271.190396798934	79
271.290430143382	71
271.39046348783	105
271.490496832279	111
271.590530176727	81
271.690563521175	99
271.790596865623	87
271.890630210071	103
271.990663554519	101
272.090696898967	79
272.190730243416	108
272.290763587864	98
272.390796932312	95
272.49083027676	95
272.590863621208	66
272.690896965656	95
272.790930310104	88
272.890963654553	88
272.990996999001	101
273.091030343449	84
273.191063687897	89
273.291097032345	85
273.391130376793	87
273.491163721242	84
273.59119706569	106
273.691230410138	86
273.791263754586	96
273.891297099034	103
273.991330443482	85
274.09136378793	102
274.191397132379	85
274.291430476827	83
274.391463821275	105
274.491497165723	98
274.591530510171	95
274.691563854619	84
274.791597199067	106
274.891630543516	77
274.991663887964	109
275.091697232412	87
275.19173057686	99
275.291763921308	80
275.391797265756	95
275.491830610205	109
275.591863954653	90
275.691897299101	103
275.791930643549	70
275.891963987997	85
275.991997332445	80
276.092030676893	96
276.192064021342	104
276.29209736579	97
276.392130710238	96
276.492164054686	85
276.592197399134	90
276.692230743582	79
276.79226408803	102
276.892297432479	107
276.992330776927	87
277.092364121375	89
277.192397465823	93
277.292430810271	114
277.392464154719	109
277.492497499168	101
277.592530843616	111
277.692564188064	85
277.792597532512	108
277.89263087696	84
277.992664221408	80
278.092697565856	102
278.192730910305	85
278.292764254753	94
278.392797599201	95
278.492830943649	80
278.592864288097	90
278.692897632545	88
278.792930976993	96
278.892964321442	97
278.99299766589	94
279.093031010338	107
279.193064354786	88
279.293097699234	87
279.393131043682	92
279.493164388131	107
279.593197732579	105
279.693231077027	102
279.793264421475	99
279.893297765923	83
279.993331110371	98
280.093364454819	94
280.193397799268	115
280.293431143716	92
280.393464488164	117
280.493497832612	81
280.59353117706	96
280.693564521508	89
280.793597865956	82
280.893631210405	88
280.993664554853	92
281.093697899301	83
281.193731243749	92
281.293764588197	110
281.393797932645	83
281.493831277094	89
281.593864621542	82
281.69389796599	80
281.793931310438	80
281.893964654886	99
281.993997999334	92
282.094031343782	92
282.194064688231	93
282.294098032679	85
282.394131377127	89
282.494164721575	77
282.594198066023	83
282.694231410471	82
282.794264754919	77
282.894298099368	76
282.994331443816	83
283.094364788264	77
283.194398132712	84
283.29443147716	81
283.394464821608	84
283.494498166057	102
283.594531510505	94
283.694564854953	86
283.794598199401	106
283.894631543849	74
283.994664888297	100
284.094698232745	83
284.194731577194	87
284.294764921642	88
284.39479826609	87
284.494831610538	72
284.594864954986	75
284.694898299434	96
284.794931643882	87
284.894964988331	69
284.994998332779	76
285.095031677227	91
285.195065021675	95
285.295098366123	94
285.395131710571	89
285.49516505502	90
285.595198399468	80
285.695231743916	102
285.795265088364	96
285.895298432812	84
285.99533177726	78
286.095365121708	86
286.195398466157	89
286.295431810605	88
286.395465155053	92
286.495498499501	99
286.595531843949	87
286.695565188397	76
286.795598532845	109
286.895631877294	79
286.995665221742	98
287.09569856619	88
287.195731910638	66
287.295765255086	76
287.395798599534	86
287.495831943983	94
287.595865288431	90
287.695898632879	90
287.795931977327	75
287.895965321775	86
287.995998666223	95
288.096032010671	92
288.19606535512	88
288.296098699568	77
288.396132044016	91
288.496165388464	78
288.596198732912	94
288.69623207736	99
288.796265421808	80
288.896298766257	86
288.996332110705	91
289.096365455153	83
289.196398799601	89
289.296432144049	90
289.396465488497	82
289.496498832946	86
289.596532177394	95
289.696565521842	78
289.79659886629	79
289.896632210738	89
289.996665555186	72
290.096698899634	74
290.196732244083	89
290.296765588531	81
290.396798932979	82
290.496832277427	90
290.596865621875	94
290.696898966323	87
290.796932310771	78
290.89696565522	91
290.996998999668	87
291.097032344116	89
291.197065688564	62
291.297099033012	73
291.39713237746	84
291.497165721909	79
291.597199066357	82
291.697232410805	68
291.797265755253	76
291.897299099701	83
291.997332444149	82
292.097365788597	85
292.197399133046	89
292.297432477494	86
292.397465821942	97
292.49749916639	85
292.597532510838	87
292.697565855286	73
292.797599199734	87
292.897632544183	73
292.997665888631	77
293.097699233079	87
293.197732577527	81
293.297765921975	73
293.397799266423	95
293.497832610872	80
293.59786595532	97
293.697899299768	81
293.797932644216	66
293.897965988664	78
293.997999333112	93
294.09803267756	91
294.198066022009	88
294.298099366457	77
294.398132710905	80
294.498166055353	81
294.598199399801	95
294.698232744249	62
294.798266088697	85
294.898299433146	96
294.998332777594	75
295.098366122042	89
295.19839946649	74
295.298432810938	88
295.398466155386	95
295.498499499835	96
295.598532844283	79
295.698566188731	86
295.798599533179	97
295.898632877627	81
295.998666222075	92
296.098699566523	68
296.198732910972	80
296.29876625542	79
296.398799599868	83
296.498832944316	96
296.598866288764	94
296.698899633212	87
296.79893297766	91
296.898966322109	84
296.998999666557	95
297.099033011005	92
297.199066355453	88
297.299099699901	79
297.399133044349	98
297.499166388798	92
297.599199733246	88
297.699233077694	78
297.799266422142	84
297.89929976659	78
297.999333111038	77
298.099366455486	113
298.199399799935	106
298.299433144383	84
298.399466488831	82
298.499499833279	80
298.599533177727	73
298.699566522175	80
298.799599866623	78
298.899633211072	75
298.99966655552	82
299.099699899968	73
299.199733244416	75
299.299766588864	105
299.399799933312	68
299.499833277761	98
299.599866622209	84
299.699899966657	89
299.799933311105	81
299.899966655553	90
300.000000000001	64
